Repeating words      |  Times repeated  |  Rows
A                    |  16              |  50 51 56 57 65 136 143 146 147 164 165 170 184 240 267 
AD                   |  2               |  214 215 
According            |  2               |  47 235 
Alpaca               |  2               |  116 197 
Alpacas              |  2               |  114 116 
Although             |  2               |  52 186 
America              |  19              |  45 58 60 100 182 224 228 240 243 279 
American             |  5               |  14 45 58 60 
An                   |  2               |  141 176 
Andean               |  3               |  14 136 228 
Andina               |  2               |  123 124 
Angora               |  3               |  200 207 
Another              |  2               |  214 215 
Art                  |  2               |  216 217 
Artiodactyla         |  6               |  28 54 273 279 
At                   |  2               |  65 
Avaroa               |  2               |  123 124 
Aymara               |  2               |  47 
Bactrian             |  2               |  285 
Bolivia              |  3               |  112 123 124 
By                   |  5               |  45 240 257 273 
Camel                |  4               |  5 203 264 
Camelidae            |  5               |  30 54 250 282 285 
Camelids             |  2               |  285 
Camels               |  2               |  267 
Camelus              |  7               |  41 52 83 87 267 291 
Carl                 |  2               |  52 228 
Cashmere             |  2               |  201 
Chancay              |  2               |  216 217 
Chest                |  2               |  85 86 
Chilln               |  2               |  216 217 
Colorada             |  2               |  123 124 
Crias                |  4               |  135 136 
Cusco                |  2               |  50 51 
Dam                  |  2               |  123 124 
Downs                |  2               |  180 181 
Drainage             |  2               |  216 217 
Early                |  2               |  214 215 
Eduardo              |  2               |  123 124 
Empire               |  5               |  223 224 228 230 
Europe               |  2               |  231 232 
European             |  3               |  43 112 237 
Eventoed             |  2               |  6 270 
Family               |  2               |  29 284 
Fauna                |  2               |  123 124 
Female               |  2               |  125 
Fiber                |  2               |  188 194 
For                  |  3               |  141 224 245 
Genus                |  2               |  31 266 
Great                |  4               |  45 60 240 
Guard                |  2               |  178 179 
Handspun             |  2               |  191 192 
However              |  2               |  166 240 
Huacaya              |  2               |  52 208 
If                   |  2               |  143 172 
In                   |  10              |  47 83 98 120 139 224 237 240 
Inca                 |  8               |  223 224 226 228 
Interchange          |  2               |  45 60 
Intermediate         |  4               |  214 215 216 217 
Knee                 |  2               |  85 86 
Laguna               |  2               |  123 124 
Lama                 |  10              |  14 32 36 52 54 104 106 
Late                 |  2               |  216 217 
Linnaeus             |  5               |  37 41 52 104 105 
Llama                |  10              |  3 9 16 47 168 180 181 205 209 245 
Llamas               |  17              |  43 58 65 118 125 130 136 166 168 170 189 240 243 245 
Lombards             |  2               |  214 215 
Many                 |  2               |  100 184 
Moche                |  4               |  214 215 221 
Molina               |  2               |  107 235 
Mountain             |  2               |  164 165 
Museum               |  4               |  214 215 216 217 
Nacional             |  2               |  123 124 
Names                |  2               |  85 86 
National             |  2               |  164 165 
North                |  10              |  45 58 60 182 279 
Old                  |  2               |  60 
One                  |  2               |  170 233 
Order                |  2               |  27 272 
Park                 |  2               |  164 165 
Patagonia            |  2               |  191 192 
Period               |  4               |  214 215 216 217 
Peru                 |  4               |  50 51 112 221 
Pleistocene          |  2               |  58 60 
QUESTIONS            |  2               |  8 13 
Quechua              |  3               |  50 51 106 
Read                 |  5               |  268 274 280 286 292 
Reserva              |  2               |  123 124 
Rocky                |  3               |  58 164 165 
Skeleton             |  2               |  63 64 
Some                 |  5               |  58 108 182 184 
South                |  12              |  14 45 58 60 100 180 181 224 240 243 279 
Spanish              |  4               |  14 136 230 233 
Species              |  2               |  4 33 
States               |  4               |  45 168 182 239 
Suri                 |  2               |  52 197 
Sussex               |  2               |  180 181 
The                  |  58              |  14 43 45 47 54 58 60 67 83 87 96 100 108 110 112 116 118 120 133 143 148 168 170 174 176 186 189 216 217 221 226 228 231 232 237 245 273 279 285 291 
Their                |  3               |  43 60 170 
There                |  2               |  96 267 
They                 |  11              |  52 118 130 143 166 170 172 182 273 279 
This                 |  8               |  120 136 141 168 170 216 217 
Tylopoda             |  8               |  7 54 276 279 285 
US                   |  8               |  136 240 
United               |  4               |  45 168 182 239 
Using                |  2               |  182 186 
Valley               |  2               |  216 217 
Vicua                |  2               |  114 196 
Vicugna              |  6               |  52 54 105 107 
Walters              |  2               |  216 217 
West                 |  2               |  180 181 
When                 |  2               |  43 170 
Wikimedia            |  2               |  257 260 
Wikipedia            |  4               |  2 4 257 
Wikiwand             |  3               |  256 257 
World                |  2               |  60 
Yak                  |  2               |  202 
a                    |  89              |  11 14 43 50 51 52 54 58 60 63 64 65 83 96 98 100 108 110 114 116 118 120 125 130 133 136 141 143 148 170 172 174 176 182 184 186 189 219 226 228 233 235 237 240 257 267 279 291 
about                |  6               |  9 43 45 127 136 
adjacent             |  2               |  216 217 
after                |  5               |  43 83 136 166 240 
against              |  2               |  136 211 
age                  |  4               |  45 127 184 240 
agitated             |  2               |  170 174 
ago                  |  5               |  45 58 60 
agriculture          |  2               |  219 240 
all                  |  4               |  98 136 172 293 
allows               |  2               |  118 120 
almost               |  2               |  83 240 
along                |  3               |  52 285 
alpaca               |  12              |  39 52 105 108 136 176 182 208 240 
alpacas              |  6               |  45 52 116 228 285 
also                 |  6               |  43 100 130 143 247 291 
always               |  4               |  58 116 170 172 
among                |  2               |  98 237 
amount               |  3               |  43 100 114 
an                   |  15              |  83 120 125 130 133 136 150 172 228 240 243 267 273 
ancestor             |  2               |  52 
ancestors            |  5               |  45 60 100 114 
and                  |  150             |  9 14 39 43 45 47 52 54 58 60 65 83 87 96 98 106 108 110 112 114 116 118 120 123 124 125 127 130 133 136 141 143 148 150 166 168 170 172 176 182 184 186 189 211 216 217 221 224 228 233 237 240 243 267 273 279 285 
animal               |  7               |  14 114 125 130 237 243 
animals              |  18              |  43 52 58 60 98 120 148 168 170 235 240 253 267 
anterior             |  2               |  83 
any                  |  2               |  54 240 
are                  |  58              |  43 45 47 52 54 58 83 87 96 100 102 108 114 118 125 136 143 148 166 168 170 182 184 186 211 224 237 245 267 273 279 285 
argued               |  2               |  219 228 
around               |  4               |  127 136 166 279 
aroused              |  2               |  176 
article              |  7               |  11 179 268 274 280 286 292 
as                   |  55              |  14 43 47 52 58 60 96 98 100 112 133 153 166 168 170 172 182 184 186 219 221 224 233 235 240 245 267 291 
at                   |  13              |  47 60 65 83 123 124 127 136 170 233 
attempt              |  2               |  125 136 
baby                 |  3               |  65 136 
back                 |  7               |  60 85 86 170 174 267 291 
balance              |  2               |  148 170 
barrel               |  2               |  85 86 
base                 |  2               |  85 86 
be                   |  7               |  98 136 141 166 172 189 
bear                 |  2               |  273 
beasts               |  2               |  224 
because              |  2               |  148 219 
become               |  5               |  127 166 170 172 176 
been                 |  7               |  58 60 100 211 245 267 
began                |  3               |  182 240 
begin                |  2               |  166 176 
being                |  7               |  87 96 100 108 174 237 245 
belonging            |  4               |  98 273 279 284 
below                |  2               |  108 240 
between              |  10              |  54 65 114 116 136 170 184 228 
birth                |  4               |  65 136 141 
birthing             |  2               |  136 
black                |  4               |  108 146 147 189 
body                 |  4               |  43 85 86 116 
bond                 |  3               |  184 
bone                 |  2               |  85 86 
both                 |  3               |  237 240 
bred                 |  2               |  240 
broader              |  2               |  87 245 
brown                |  3               |  108 189 
bubble               |  3               |  240 
burden               |  3               |  224 233 
but                  |  9               |  54 114 116 141 143 176 233 237 
buttock              |  2               |  85 86 
by                   |  18              |  14 43 52 58 83 87 100 118 136 166 170 176 224 235 237 
called               |  2               |  54 65 
camel                |  5               |  52 267 291 
camelid              |  3               |  14 60 290 
camelids             |  6               |  45 60 120 
camels               |  10              |  54 60 83 96 116 279 285 
can                  |  13              |  43 65 141 143 168 170 189 
canine               |  2               |  83 
canines              |  2               |  71 130 
cannon               |  2               |  85 86 
captures             |  2               |  216 217 
causes               |  2               |  211 237 
century              |  5               |  45 237 240 
certain              |  2               |  100 211 
certified            |  2               |  168 
characteristics      |  6               |  54 60 67 98 100 116 
cheek                |  2               |  85 86 
classified           |  2               |  60 285 
closely              |  3               |  98 184 240 
colon                |  2               |  120 
color                |  2               |  108 116 
colors               |  2               |  108 189 
come                 |  2               |  47 100 
commercial           |  2               |  148 240 
commonly             |  2               |  100 182 
compartments         |  4               |  118 170 
complex              |  2               |  118 120 
consist              |  3               |  52 54 83 
contribute           |  2               |  211 257 
cost                 |  2               |  148 186 
cria                 |  7               |  65 123 124 136 141 
croup                |  2               |  85 86 
cultural             |  2               |  243 
cultures             |  2               |  14 218 
curved               |  4               |  83 96 116 
dated                |  2               |  214 215 
day                  |  2               |  143 233 
de                   |  3               |  123 124 233 
decline              |  2               |  237 240 
depicted             |  2               |  221 226 
deposits             |  2               |  58 267 
descended            |  4               |  45 100 114 
determined           |  2               |  141 211 
diameter             |  2               |  193 194 
died                 |  2               |  60 240 
differ               |  2               |  83 110 
different            |  2               |  127 189 
distinct             |  3               |  54 96 100 
distinctive          |  2               |  100 267 
distinguished        |  2               |  60 100 
do                   |  7               |  116 118 125 127 133 170 172 
domestic             |  5               |  52 56 57 108 237 
domesticated         |  7               |  4 14 52 100 114 267 
dorsal               |  2               |  92 96 
down                 |  3               |  130 170 233 
dressed              |  2               |  50 51 
dromedary            |  3               |  285 291 
dry                  |  4               |  150 153 
due                  |  3               |  87 136 240 
during               |  5               |  45 58 136 279 
each                 |  15              |  54 83 96 98 110 114 143 166 170 172 186 
early                |  4               |  52 58 60 182 
ears                 |  6               |  85 86 96 116 174 
edge                 |  3               |  83 176 
effective            |  2               |  184 
either               |  2               |  100 273 
elbow                |  2               |  85 86 
end                  |  4               |  45 47 60 240 
especially           |  2               |  67 267 
eventoed             |  7               |  54 267 273 279 284 285 291 
every                |  2               |  143 186 
extinct              |  3               |  45 58 
extinction           |  2               |  237 
extremely            |  4               |  114 120 166 
family               |  4               |  54 172 285 
fed                  |  4               |  136 153 
feet                 |  2               |  54 96 
female               |  8               |  125 133 136 141 143 
females              |  5               |  65 127 136 139 170 
feral                |  2               |  182 279 
fetlock              |  2               |  85 86 
fiber                |  6               |  114 116 189 202 224 240 
field                |  2               |  141 
fights               |  2               |  170 
first                |  6               |  83 125 136 231 232 240 
five                 |  2               |  273 
flank                |  2               |  85 86 
followed             |  3               |  83 118 
food                 |  3               |  118 120 267 
for                  |  26              |  11 43 65 114 118 125 130 136 141 143 148 150 170 186 189 221 224 233 240 257 267 
form                 |  2               |  172 226 
forms                |  4               |  58 60 100 
fossil               |  3               |  58 60 279 
found                |  5               |  54 58 60 228 279 
four                 |  2               |  100 118 
frequently           |  2               |  136 221 
from                 |  33              |  43 45 47 54 60 83 100 106 110 114 120 136 150 170 189 191 192 214 215 216 217 219 233 237 240 
ft                   |  2               |  65 
further              |  3               |  60 170 240 
game                 |  2               |  245 
games                |  2               |  245 
gaskin               |  2               |  85 86 
general              |  2               |  60 98 
generally            |  4               |  52 83 87 116 
genus                |  6               |  52 58 98 267 291 
girl                 |  2               |  50 51 
give                 |  2               |  136 257 
glama                |  7               |  14 34 36 41 43 52 104 
gland                |  2               |  85 86 
goat                 |  4               |  136 184 201 207 
goats                |  2               |  118 184 
grey                 |  2               |  108 189 
group                |  3               |  52 279 285 
growing              |  2               |  148 168 
guanaco              |  10              |  52 106 108 110 114 136 
guanicoe             |  3               |  52 106 
guard                |  5               |  182 184 189 240 
guarding             |  2               |  180 181 
guards               |  2               |  182 186 
had                  |  2               |  224 240 
hair                 |  2               |  189 203 
has                  |  11              |  52 60 108 110 114 186 219 228 233 245 279 
have                 |  22              |  45 54 58 60 100 116 118 120 125 133 168 182 189 211 245 267 
having               |  2               |  83 96 
hay                  |  2               |  150 
head                 |  3               |  65 110 116 
heel                 |  2               |  85 86 
helps                |  2               |  143 
her                  |  2               |  123 124 
herd                 |  6               |  43 136 170 
high                 |  2               |  118 143 
hip                  |  2               |  85 86 
history              |  3               |  58 243 279 
hock                 |  2               |  85 86 
however              |  2               |  52 170 
hueques              |  3               |  235 237 
hum                  |  2               |  133 172 
human                |  2               |  143 170 
humans               |  2               |  127 166 
hump                 |  3               |  96 116 291 
humps                |  2               |  116 267 
ice                  |  2               |  45 58 
if                   |  2               |  54 184 
image                |  2               |  231 232 
important            |  4               |  47 221 228 243 
imported             |  2               |  45 240 
in                   |  110             |  43 45 50 51 52 54 58 60 65 83 96 98 100 108 110 112 120 130 136 141 143 164 165 168 170 180 181 182 184 189 221 226 228 231 232 233 235 237 240 243 245 267 279 285 290 
incisors             |  2               |  67 83 
include              |  2               |  116 148 
individuals          |  2               |  65 100 
inquisitiveness      |  2               |  216 217 
interest             |  2               |  240 
into                 |  6               |  108 125 141 143 170 240 
introduced           |  2               |  184 279 
introduction         |  2               |  233 237 
is                   |  63              |  14 43 47 52 83 96 98 100 108 110 112 114 116 120 125 130 133 136 139 141 143 166 168 170 172 174 176 182 184 186 189 228 237 257 267 279 291 
isolated             |  2               |  83 
it                   |  8               |  47 108 112 120 136 170 237 
its                  |  8               |  87 110 170 184 237 245 267 291 
jaw                  |  2               |  83 
joint                |  2               |  85 86 
jowl                 |  2               |  85 86 
keep                 |  3               |  143 257 
kg                   |  4               |  65 
kicking              |  2               |  166 170 
known                |  6               |  52 96 108 237 267 291 
lack                 |  2               |  240 
lama                 |  2               |  43 52 
lambs                |  2               |  184 
large                |  7               |  120 125 130 228 291 
larger               |  4               |  58 87 116 182 
last                 |  2               |  45 58 
late                 |  4               |  45 237 240 
lb                   |  3               |  65 152 
lead                 |  2               |  166 189 
least                |  2               |  83 141 
left                 |  2               |  139 141 
less                 |  3               |  54 120 136 
little               |  2               |  186 240 
live                 |  5               |  43 52 65 120 172 
livestock            |  7               |  182 184 186 237 240 267 
living               |  2               |  285 290 
llama                |  52              |  14 39 43 50 51 52 56 57 63 64 65 85 86 104 108 120 127 133 136 141 143 146 147 164 165 170 174 176 179 184 186 191 192 219 221 224 226 228 233 235 240 
llamas               |  61              |  45 47 52 58 67 114 116 118 120 125 133 136 143 148 150 166 170 174 182 184 186 211 216 217 221 224 228 231 232 233 240 245 285 
long                 |  8               |  83 96 120 224 243 267 279 
lower                |  3               |  83 118 136 
major                |  2               |  120 148 
male                 |  8               |  83 136 139 141 143 176 182 184 
males                |  6               |  65 127 143 170 184 
mammals              |  5               |  266 272 273 278 284 
many                 |  6               |  108 186 189 224 233 237 
market               |  2               |  240 
mate                 |  3               |  130 143 
materials            |  2               |  170 
mating               |  9               |  125 139 141 143 176 
matter               |  6               |  98 150 153 228 
mature               |  4               |  127 148 166 
may                  |  3               |  136 170 184 
means                |  2               |  170 267 
meat                 |  3               |  14 224 240 
members              |  3               |  170 285 
metatarsal           |  2               |  85 86 
method               |  3               |  141 143 
middle               |  2               |  54 112 
might                |  2               |  172 211 
milk                 |  4               |  136 
million              |  5               |  45 60 279 
mines                |  2               |  233 
minutes              |  2               |  130 136 
molars               |  3               |  79 83 
months               |  2               |  127 133 
more                 |  18              |  52 54 60 96 98 110 116 133 143 170 176 184 186 237 240 
most                 |  7               |  116 139 143 166 182 186 
mouth                |  2               |  133 240 
much                 |  4               |  58 112 120 240 
muzzle               |  2               |  85 86 
mwa                  |  2               |  174 
name                 |  4               |  35 43 52 136 
native               |  3               |  43 235 279 
natural              |  3               |  193 216 217 
neck                 |  2               |  166 170 
needed               |  5               |  54 58 65 150 186 
no                   |  2               |  96 186 
not                  |  15              |  54 58 83 116 118 125 127 133 143 184 186 237 
now                  |  2               |  259 261 
number               |  8               |  240 273 
nutrients            |  2               |  136 148 
observed             |  2               |  136 235 
of                   |  170             |  4 43 45 47 52 54 58 60 63 64 65 67 83 85 86 87 98 100 108 112 114 118 120 125 127 133 136 139 141 143 148 150 166 168 170 172 174 176 182 184 186 193 213 219 221 224 226 228 231 232 233 235 237 240 245 257 266 267 272 273 278 279 284 285 291 299 
off                  |  2               |  133 170 
often                |  6               |  83 108 125 172 174 224 
old                  |  3               |  11 127 240 
on                   |  13              |  54 112 120 125 143 150 180 181 240 267 273 291 
one                  |  8               |  83 98 143 172 184 291 
only                 |  10              |  43 52 108 118 136 170 219 224 237 285 
or                   |  31              |  43 52 54 65 85 86 98 100 108 116 118 136 143 166 170 172 174 176 184 189 221 240 273 291 
order                |  4               |  54 273 279 285 
original             |  2               |  60 100 
originating          |  2               |  216 217 
other                |  16              |  54 83 98 110 120 143 166 170 172 273 
others               |  3               |  43 54 172 
out                  |  3               |  60 141 172 
outer                |  3               |  83 189 
over                 |  4               |  45 60 136 
pack                 |  4               |  14 43 164 165 
pacos                |  3               |  52 105 
part                 |  4               |  60 83 112 143 
partially            |  2               |  100 136 
particularly         |  2               |  184 245 
parts                |  4               |  85 86 112 221 
passing              |  2               |  108 120 
pastern              |  2               |  85 86 
people               |  4               |  166 221 224 
period               |  2               |  133 141 
placed               |  2               |  52 221 
point                |  3               |  85 86 237 
pointed              |  2               |  83 
poll                 |  2               |  85 86 
position             |  2               |  54 130 
predation            |  2               |  184 186 
predators            |  3               |  136 182 186 
premaxilla           |  2               |  83 87 
premolar             |  3               |  83 
premolars            |  2               |  75 83 
present              |  2               |  83 273 
prev                 |  2               |  52 
previously           |  2               |  58 100 
primarily            |  2               |  114 
produce              |  3               |  100 136 233 
producers            |  3               |  182 184 186 
quickly              |  2               |  184 
quite                |  2               |  148 221 
range                |  2               |  39 112 
rather               |  2               |  96 184 
reach                |  3               |  65 127 133 
recognized           |  2               |  52 100 
reducing             |  2               |  136 186 
region               |  3               |  112 216 217 
related              |  2               |  240 293 
reproductive         |  2               |  125 143 
requires             |  2               |  136 143 
resemble             |  2               |  98 112 
resulted             |  2               |  240 
ruminants            |  3               |  54 118 
s                    |  5               |  182 240 
sculpture            |  4               |  214 215 216 217 
separated            |  3               |  52 96 143 
series               |  4               |  83 245 
seven                |  2               |  45 285 
sexually             |  3               |  127 176 
sheep                |  10              |  52 118 180 181 182 184 199 237 
shorter              |  2               |  87 110 
shoulder             |  4               |  85 86 
showing              |  2               |  54 168 
sign                 |  3               |  174 240 
silage               |  2               |  150 152 
similar              |  2               |  130 240 
simple               |  2               |  43 83 
since                |  3               |  14 182 233 
single               |  3               |  54 58 182 
size                 |  3               |  87 108 116 
small                |  5               |  43 83 114 170 
smaller              |  4               |  87 110 148 182 
so                   |  2               |  98 136 
social               |  5               |  43 170 172 
soft                 |  3               |  43 96 114 
some                 |  8               |  54 65 141 143 182 193 237 
sound                |  6               |  143 172 174 176 
source               |  2               |  65 186 
southern             |  2               |  112 228 
special              |  2               |  54 184 
species              |  9               |  54 58 60 98 100 114 237 285 
speculative          |  2               |  240 
spit                 |  3               |  170 
spitting             |  4               |  166 170 
standing             |  4               |  54 136 243 
state                |  4               |  100 108 228 
stifle               |  2               |  85 86 
stomach              |  4               |  118 170 
suborder             |  2               |  279 285 
suckle               |  2               |  136 
suggests             |  2               |  184 237 
suited               |  3               |  186 211 267 
tail                 |  5               |  85 86 96 
take                 |  2               |  136 172 
tend                 |  2               |  116 184 
terms                |  2               |  141 
th                   |  6               |  45 237 240 267 
than                 |  12              |  58 96 110 120 133 136 143 148 184 186 237 
that                 |  27              |  52 60 83 87 100 114 116 118 120 133 136 166 168 211 219 228 233 237 267 
the                  |  262             |  4 9 14 43 45 47 52 54 58 60 65 83 87 96 98 100 104 105 106 107 108 110 112 114 116 118 120 125 133 136 139 141 143 164 165 168 170 172 174 176 180 181 182 184 186 193 211 214 215 216 217 219 221 224 226 228 233 235 237 240 245 257 267 273 279 285 290 291 
their                |  16              |  43 52 54 100 133 148 170 174 182 184 221 245 267 273 279 
them                 |  4               |  54 60 118 182 
then                 |  3               |  83 143 182 
therapy              |  3               |  168 
there                |  5               |  45 141 168 237 240 
these                |  2               |  60 83 
they                 |  17              |  43 47 52 60 98 120 133 166 172 176 184 267 
this                 |  5               |  11 58 98 143 285 
those                |  4               |  60 83 112 
though               |  2               |  100 143 
three                |  10              |  45 60 83 118 127 143 170 273 
throat               |  2               |  85 86 
through              |  2               |  60 120 
throughout           |  4               |  112 116 168 176 
time                 |  5               |  47 130 136 141 233 
to                   |  76              |  43 45 47 52 54 58 60 65 67 83 87 95 98 100 116 118 120 130 133 136 143 150 166 170 172 182 184 186 189 211 214 215 219 233 235 237 240 257 260 267 273 279 284 
toes                 |  4               |  96 273 
top                  |  2               |  9 65 
tract                |  2               |  143 148 
traditionally        |  2               |  50 51 
transport            |  2               |  233 267 
treat                |  3               |  166 211 
true                 |  2               |  54 83 
two                  |  9               |  52 54 83 98 114 143 184 273 
type                 |  3               |  100 168 235 
typically            |  2               |  65 136 
under                |  2               |  52 100 
ungulate             |  4               |  6 267 270 291 
ungulates            |  6               |  54 273 279 284 285 
until                |  3               |  127 143 240 
unusual              |  3               |  125 130 
up                   |  4               |  136 168 170 240 
use                  |  4               |  182 184 219 235 
used                 |  8               |  14 182 189 224 245 
uses                 |  3               |  210 233 245 
using                |  3               |  43 143 257 
usually              |  3               |  136 170 
value                |  3               |  186 240 
various              |  2               |  112 245 
very                 |  7               |  54 83 98 112 166 170 184 
vicua                |  9               |  52 107 108 110 112 114 136 
vicuas               |  2               |  52 285 
vicugna              |  3               |  52 107 
was                  |  10              |  43 52 60 168 219 224 226 233 240 
water                |  4               |  47 120 
way                  |  2               |  170 211 
weigh                |  4               |  65 
weight               |  4               |  43 151 273 
well                 |  3               |  98 211 224 
were                 |  17              |  45 52 58 60 224 228 233 237 240 
when                 |  6               |  136 141 166 176 237 
where                |  4               |  47 60 120 182 
which                |  11              |  54 83 130 166 170 172 189 211 240 245 
while                |  6               |  52 65 114 174 279 
white                |  3               |  108 189 
wide                 |  2               |  148 
widely               |  2               |  14 245 
wild                 |  10              |  52 108 112 114 136 279 285 
will                 |  10              |  47 133 136 166 170 172 174 
with                 |  29              |  43 50 51 52 54 65 83 100 136 139 141 170 176 184 224 228 240 245 285 291 
withers              |  2               |  85 86 
within               |  2               |  136 143 
wool                 |  3               |  43 200 201 
would                |  2               |  58 182 
wrestling            |  2               |  166 170 
yarn                 |  2               |  191 192 
year                 |  2               |  139 186 
years                |  10              |  11 45 58 60 65 127 184 
you                  |  2               |  9 257 

Total word sum: 4758

URL's: 
vu.site
vu.lt
delfi.lt
https://delfi.lt
